torso
15 5 25 26 29 30 31 32 14 24 27 28 33 34

rigid body
-14.76308212 11.62932639 4.90937175 1.00000036
14.63155798 11.83379388 5.18585790 1.00000032
-0.00000111 10.10543446 9.13439908 0.99995400
0.00765630 -9.68570424 13.66122035 0.99994905
-11.93405216 -26.08873935 2.73206494 0.99958000
-6.59452578 -26.41322249 11.47728128 0.99999727
6.64640250 -26.40143602 11.46303235 0.99999797
12.07808682 -24.79189707 1.78003149 0.99910500
15.32919275 13.02729616 -5.27907535 0.99969100
-14.92902590 12.61375482 -5.73500779 0.99969100
-0.00626281 15.30024001 -4.96276439 0.99999980
-0.00037641 -7.25039826 -6.34620816 0.99999610
6.50133846 -24.74831365 -4.59184495 0.99998026
-6.48619396 -24.75886620 -4.57907766 0.99998025
