torso
15 5 25 26 29 30 31 32 14 24 27 28 33 34

rigid body
-14.16896982 12.93246818 5.31970354 1.00000036
14.10042930 12.75569823 5.37313004 1.00000032
-0.00000111 10.10543446 9.13439908 0.99995400
0.01781919 -9.70464228 13.64028808 0.99994905
-11.25626110 -25.53615054 2.50657418 0.99958000
-6.26046318 -24.67386047 11.07637577 0.99999727
6.56547840 -24.88740591 11.43146607 0.99999797
12.18135681 -24.60952426 2.01556675 0.99910500
14.61987669 14.17688234 -4.72854165 0.99969100
-14.58250371 13.84480318 -4.96779155 0.99969100
0.00272598 15.32752761 -4.96427979 0.99999980
0.07782074 -7.22893488 -6.34629383 0.99999610
6.85126761 -25.10766624 -4.29893886 0.99998026
-5.82767946 -25.04383970 -4.57320338 0.99998025
